user_id,user_id_str
1179392383982673920,"""1179392383982673920"""
711853268,"""711853268"""
1252341169058701312,"""1252341169058701312"""
959281737342701571,"""959281737342701571"""
457624046,"""457624046"""
1245360499702857730,"""1245360499702857730"""
846767942251376640,"""846767942251376640"""
1120623170,"""1120623170"""
1281990546706268162,"""1281990546706268162"""
1265331141361336320,"""1265331141361336320"""
1239030925280903170,"""1239030925280903170"""
715217654575923201,"""715217654575923201"""
1149485442187825152,"""1149485442187825152"""
1292747622021644289,"""1292747622021644289"""
1233487363986165760,"""1233487363986165760"""
1061340799160344576,"""1061340799160344576"""
798663226561101824,"""798663226561101824"""
2201016251,"""2201016251"""
25009656,"""25009656"""
1254896547277520897,"""1254896547277520897"""
1276897840464306178,"""1276897840464306178"""
722592894880587776,"""722592894880587776"""
1065286701797515265,"""1065286701797515265"""
1195868012794011649,"""1195868012794011649"""
565050638,"""565050638"""
1214172493,"""1214172493"""
1215401593459355649,"""1215401593459355649"""
3307470104,"""3307470104"""
122216792,"""122216792"""
1277067297266565121,"""1277067297266565121"""
418065506,"""418065506"""
1222251293571518468,"""1222251293571518468"""
1178039474346852352,"""1178039474346852352"""
1228370216440254465,"""1228370216440254465"""
771004707523342336,"""771004707523342336"""
785149848118894592,"""785149848118894592"""
1000501710023024645,"""1000501710023024645"""
182778011,"""182778011"""
3335776317,"""3335776317"""
1271420570048102403,"""1271420570048102403"""
1638469639,"""1638469639"""
1289193209504108550,"""1289193209504108550"""
1281211069684420614,"""1281211069684420614"""
1270939794001014784,"""1270939794001014784"""
935843606690254848,"""935843606690254848"""
715033578908868608,"""715033578908868608"""
1272906463523082251,"""1272906463523082251"""
1252614847658778625,"""1252614847658778625"""
1268436231710531589,"""1268436231710531589"""
1225234876565196801,"""1225234876565196801"""
711335686054518784,"""711335686054518784"""
1207820314220081154,"""1207820314220081154"""
997538850472898562,"""997538850472898562"""
1259282616555048963,"""1259282616555048963"""
1259850646100074505,"""1259850646100074505"""
1274802192545972226,"""1274802192545972226"""
1214913780641128449,"""1214913780641128449"""
40040504,"""40040504"""
298438806,"""298438806"""
1249008404594659329,"""1249008404594659329"""
1247784525599399937,"""1247784525599399937"""
1174787095405170690,"""1174787095405170690"""
3536299101,"""3536299101"""
1208749796309262336,"""1208749796309262336"""
2345560906,"""2345560906"""
1269904929554120704,"""1269904929554120704"""
951633344399224832,"""951633344399224832"""
141950326,"""141950326"""
1272929391581048834,"""1272929391581048834"""
868908538344730624,"""868908538344730624"""
884478946519252993,"""884478946519252993"""
447200783,"""447200783"""
823261267175555073,"""823261267175555073"""
15920054,"""15920054"""
83865477,"""83865477"""
1284276075594485763,"""1284276075594485763"""
985221390,"""985221390"""
1681593708,"""1681593708"""
1234642668581294080,"""1234642668581294080"""
1929580632,"""1929580632"""
2316246829,"""2316246829"""
806900915856809985,"""806900915856809985"""
1194050475491909632,"""1194050475491909632"""
1114249326,"""1114249326"""
1236469994457903104,"""1236469994457903104"""
1081938981074264064,"""1081938981074264064"""
950735898,"""950735898"""
1248945046658973697,"""1248945046658973697"""
46808679,"""46808679"""
732933525385711616,"""732933525385711616"""
34262861,"""34262861"""
887461065088487425,"""887461065088487425"""
932931830000635904,"""932931830000635904"""
930557097451950080,"""930557097451950080"""
1122234894325886976,"""1122234894325886976"""
1285362566135521280,"""1285362566135521280"""
1261410285824311296,"""1261410285824311296"""
1261396132422234112,"""1261396132422234112"""
1223746129822736384,"""1223746129822736384"""
4819140796,"""4819140796"""
344986294,"""344986294"""
799258718445649920,"""799258718445649920"""
704032426788425728,"""704032426788425728"""
1084210882660442114,"""1084210882660442114"""
907150369,"""907150369"""
49392617,"""49392617"""
836299211385765888,"""836299211385765888"""
562078060,"""562078060"""
938716291,"""938716291"""
405383139,"""405383139"""
804381921082011648,"""804381921082011648"""
3352668767,"""3352668767"""
975275287,"""975275287"""
272093380,"""272093380"""
19264136,"""19264136"""
2837588559,"""2837588559"""
45196251,"""45196251"""
1261311843114549249,"""1261311843114549249"""
2674548866,"""2674548866"""
1045343808861364224,"""1045343808861364224"""
1260164504190509061,"""1260164504190509061"""
1250067975765479425,"""1250067975765479425"""
66053650,"""66053650"""
1228487107091427328,"""1228487107091427328"""
2444634372,"""2444634372"""
613899762,"""613899762"""
1253365524286681089,"""1253365524286681089"""
896115775,"""896115775"""
2612930640,"""2612930640"""
888624054860742656,"""888624054860742656"""
940732787958489088,"""940732787958489088"""
59205453,"""59205453"""
4005743422,"""4005743422"""
928687410854195200,"""928687410854195200"""
261678680,"""261678680"""
1258214533144944640,"""1258214533144944640"""
23210186,"""23210186"""
55628594,"""55628594"""
1266948488413057025,"""1266948488413057025"""
1199517850987352064,"""1199517850987352064"""
437996811,"""437996811"""
2267247781,"""2267247781"""
1258133258644029440,"""1258133258644029440"""
260525365,"""260525365"""
2715151905,"""2715151905"""
25620557,"""25620557"""
2702030082,"""2702030082"""
1247356891123998720,"""1247356891123998720"""
65795287,"""65795287"""
1213935303020269569,"""1213935303020269569"""
1141105432641056768,"""1141105432641056768"""
843304809050472448,"""843304809050472448"""
1274290410526031873,"""1274290410526031873"""
1261352636533452800,"""1261352636533452800"""
759385102661120001,"""759385102661120001"""
1160939356196130819,"""1160939356196130819"""
886809102873092096,"""886809102873092096"""
1196588356991410178,"""1196588356991410178"""
838907792643719169,"""838907792643719169"""
334004764,"""334004764"""
1120352181725683712,"""1120352181725683712"""
1221530359734718464,"""1221530359734718464"""
1002368433441464320,"""1002368433441464320"""
306007007,"""306007007"""
1255685832117309441,"""1255685832117309441"""
4580537662,"""4580537662"""
972138708689391617,"""972138708689391617"""
277511254,"""277511254"""
1193273523537530882,"""1193273523537530882"""
1066049466141151233,"""1066049466141151233"""
1175759652,"""1175759652"""
2920690571,"""2920690571"""
781563845663870976,"""781563845663870976"""
1194404071417024513,"""1194404071417024513"""
1264693487624052737,"""1264693487624052737"""
1174489111597477888,"""1174489111597477888"""
1230216112106811392,"""1230216112106811392"""
2316571121,"""2316571121"""
2349327822,"""2349327822"""
1086760830899838977,"""1086760830899838977"""
817158775610179584,"""817158775610179584"""
42489561,"""42489561"""
125530822,"""125530822"""
1244124525006147585,"""1244124525006147585"""
1173469878,"""1173469878"""
3266619146,"""3266619146"""
3624648676,"""3624648676"""
1238145217989152769,"""1238145217989152769"""
1229514381479882752,"""1229514381479882752"""
1250992173165817858,"""1250992173165817858"""
1194811475161944064,"""1194811475161944064"""
1196739029884133378,"""1196739029884133378"""
831916766934790146,"""831916766934790146"""
1235383468177141760,"""1235383468177141760"""
525966425,"""525966425"""
1249783132368166912,"""1249783132368166912"""
942499163803176960,"""942499163803176960"""
42773473,"""42773473"""
216539775,"""216539775"""
955823034656534528,"""955823034656534528"""
968931249661399041,"""968931249661399041"""
4882688963,"""4882688963"""
1256670447489257472,"""1256670447489257472"""
1924932925,"""1924932925"""
3517582281,"""3517582281"""
1353226254,"""1353226254"""
353024867,"""353024867"""
1013198599906263046,"""1013198599906263046"""
1109602676608630784,"""1109602676608630784"""
1198739828,"""1198739828"""
150526306,"""150526306"""
1103115624987926528,"""1103115624987926528"""
1198948351212957697,"""1198948351212957697"""
1258227171962675201,"""1258227171962675201"""
806214966386786304,"""806214966386786304"""
17351453,"""17351453"""
30784377,"""30784377"""
1183016072166936576,"""1183016072166936576"""
3707315835,"""3707315835"""
979493676672929792,"""979493676672929792"""
147729515,"""147729515"""
1258028879597301766,"""1258028879597301766"""
1082738638755123200,"""1082738638755123200"""
627600160,"""627600160"""
820757586853134336,"""820757586853134336"""
1063533239531376640,"""1063533239531376640"""
1254784482223112193,"""1254784482223112193"""
725064846056640512,"""725064846056640512"""
734168909553766405,"""734168909553766405"""
50434327,"""50434327"""
3028493620,"""3028493620"""
998577533267431424,"""998577533267431424"""
832084559495884800,"""832084559495884800"""
434930300,"""434930300"""
21001697,"""21001697"""
1052764462904745985,"""1052764462904745985"""
2739059557,"""2739059557"""
1656057482,"""1656057482"""
39886227,"""39886227"""
85498982,"""85498982"""
1010959876640641026,"""1010959876640641026"""
1222293377145688064,"""1222293377145688064"""
547969112,"""547969112"""
1228686042099834883,"""1228686042099834883"""
1226986621016379392,"""1226986621016379392"""
1181603344940445696,"""1181603344940445696"""
2663895398,"""2663895398"""
2608137158,"""2608137158"""
324057612,"""324057612"""
568992054,"""568992054"""
1059483185657118720,"""1059483185657118720"""
260885614,"""260885614"""
2949888125,"""2949888125"""
2741404479,"""2741404479"""
1198670023318835210,"""1198670023318835210"""
878400852800802817,"""878400852800802817"""
885692646,"""885692646"""
3224429090,"""3224429090"""
18475974,"""18475974"""
1110305834116931584,"""1110305834116931584"""
757776865180483584,"""757776865180483584"""
3798555433,"""3798555433"""
857549605,"""857549605"""
1052062981029167104,"""1052062981029167104"""
1041671091825995779,"""1041671091825995779"""
817604531374739456,"""817604531374739456"""
1166481274619465728,"""1166481274619465728"""
848278342461788160,"""848278342461788160"""
202206601,"""202206601"""
899198332181954560,"""899198332181954560"""
25916973,"""25916973"""
1204371922647162880,"""1204371922647162880"""
36715753,"""36715753"""
89842963,"""89842963"""
828764530188640256,"""828764530188640256"""
807976915,"""807976915"""
786038169766662144,"""786038169766662144"""
1710780386,"""1710780386"""
50000142,"""50000142"""
4531014753,"""4531014753"""
785292614467584000,"""785292614467584000"""
2191806974,"""2191806974"""
226639143,"""226639143"""
49301737,"""49301737"""
1191472483586596865,"""1191472483586596865"""
260962988,"""260962988"""
1035185596514357249,"""1035185596514357249"""
867041270899679232,"""867041270899679232"""
828151412,"""828151412"""
794881517772271617,"""794881517772271617"""
825037731541745664,"""825037731541745664"""
327793122,"""327793122"""
945369068474916865,"""945369068474916865"""
814846392,"""814846392"""
20885249,"""20885249"""
1176824400760451079,"""1176824400760451079"""
49208128,"""49208128"""
4003051330,"""4003051330"""
15040988,"""15040988"""
35231691,"""35231691"""
1073398977150758912,"""1073398977150758912"""
202313985,"""202313985"""
1176257038999068677,"""1176257038999068677"""
1100812071619493888,"""1100812071619493888"""
1621749714,"""1621749714"""
953862471747604480,"""953862471747604480"""
719276823809540096,"""719276823809540096"""
1146186984450248705,"""1146186984450248705"""
1616128092,"""1616128092"""
1182046914272989186,"""1182046914272989186"""
886338085163806722,"""886338085163806722"""
305734044,"""305734044"""
342520457,"""342520457"""
48360202,"""48360202"""
26622752,"""26622752"""
1154444370340458496,"""1154444370340458496"""
2409643800,"""2409643800"""
3250141399,"""3250141399"""
931908191016890368,"""931908191016890368"""
760963385320026112,"""760963385320026112"""
751482605334241280,"""751482605334241280"""
791773894113894400,"""791773894113894400"""
38265492,"""38265492"""
719399195854180352,"""719399195854180352"""
3125431593,"""3125431593"""
1124048356391772160,"""1124048356391772160"""
937479828747386880,"""937479828747386880"""
413513361,"""413513361"""
192625058,"""192625058"""
1010304178256834560,"""1010304178256834560"""
886293502572855302,"""886293502572855302"""
33370643,"""33370643"""
1126273409900408832,"""1126273409900408832"""
1106758838055776257,"""1106758838055776257"""
909448512,"""909448512"""
1206073021,"""1206073021"""
1018095127968010241,"""1018095127968010241"""
39755667,"""39755667"""
3145322825,"""3145322825"""
2801330429,"""2801330429"""
1132604566946631680,"""1132604566946631680"""
2966578271,"""2966578271"""
1172292545084215297,"""1172292545084215297"""
16667912,"""16667912"""
2788327883,"""2788327883"""
34870175,"""34870175"""
29648122,"""29648122"""
3435556696,"""3435556696"""
38196838,"""38196838"""
4530418695,"""4530418695"""
502945446,"""502945446"""
48846104,"""48846104"""
3036958500,"""3036958500"""
802185191968165888,"""802185191968165888"""
1202821316,"""1202821316"""
1075192378305232897,"""1075192378305232897"""
1089476392696401920,"""1089476392696401920"""
787020398131023876,"""787020398131023876"""
85923198,"""85923198"""
928066338513399809,"""928066338513399809"""
1095448968027402240,"""1095448968027402240"""
390564870,"""390564870"""
61436224,"""61436224"""
372240477,"""372240477"""
1152818172778536961,"""1152818172778536961"""
465624910,"""465624910"""
90278477,"""90278477"""
1099730063778594818,"""1099730063778594818"""
1368236850,"""1368236850"""
785293000876265473,"""785293000876265473"""
51658211,"""51658211"""
2164134732,"""2164134732"""
3696345736,"""3696345736"""
29003960,"""29003960"""
933511035369041920,"""933511035369041920"""
9834992,"""9834992"""
19803052,"""19803052"""
874833581683736576,"""874833581683736576"""
3162798882,"""3162798882"""
3091373190,"""3091373190"""
1370661776,"""1370661776"""
889494243877597184,"""889494243877597184"""
1115993438779072512,"""1115993438779072512"""
3427050477,"""3427050477"""
816830499654139904,"""816830499654139904"""
1117908491383889920,"""1117908491383889920"""
53520094,"""53520094"""
2936154035,"""2936154035"""
1061163663233634304,"""1061163663233634304"""
819168536820088837,"""819168536820088837"""
932113480143925249,"""932113480143925249"""
786691979975458816,"""786691979975458816"""
997122786647855106,"""997122786647855106"""
1041297906,"""1041297906"""
1311913273,"""1311913273"""
2886146494,"""2886146494"""
17827628,"""17827628"""
248888733,"""248888733"""
1014201597335875585,"""1014201597335875585"""
14195611,"""14195611"""
142339174,"""142339174"""
152245925,"""152245925"""
2620126701,"""2620126701"""
403044848,"""403044848"""
760083528881176576,"""760083528881176576"""
2310922832,"""2310922832"""
51063734,"""51063734"""
1033731433515429888,"""1033731433515429888"""
17349381,"""17349381"""
252824869,"""252824869"""
1058371394977890305,"""1058371394977890305"""
1689925255,"""1689925255"""
2856546003,"""2856546003"""
548912412,"""548912412"""
413357747,"""413357747"""
926485168499642368,"""926485168499642368"""
828802654537129985,"""828802654537129985"""
1060571943873732608,"""1060571943873732608"""
3050644955,"""3050644955"""
1042144758779535360,"""1042144758779535360"""
2824136862,"""2824136862"""
1026903239193702403,"""1026903239193702403"""
241972988,"""241972988"""
756639263840698369,"""756639263840698369"""
926805571000512513,"""926805571000512513"""
1345822466,"""1345822466"""
289221495,"""289221495"""
1016770166468669440,"""1016770166468669440"""
1002667364771561472,"""1002667364771561472"""
714395530558894081,"""714395530558894081"""
90137574,"""90137574"""
986958413300056064,"""986958413300056064"""
921419298559557632,"""921419298559557632"""
822507062194118656,"""822507062194118656"""
37914958,"""37914958"""
704387159885799424,"""704387159885799424"""
155348477,"""155348477"""
96502351,"""96502351"""
1014565517275918345,"""1014565517275918345"""
40730664,"""40730664"""
613397041,"""613397041"""
62087386,"""62087386"""
381165737,"""381165737"""
912005492838473728,"""912005492838473728"""
2451659222,"""2451659222"""
1018412701003931649,"""1018412701003931649"""
1016726471048663040,"""1016726471048663040"""
2853313593,"""2853313593"""
46560807,"""46560807"""
2282494952,"""2282494952"""
1016912221920776192,"""1016912221920776192"""
978883700363579393,"""978883700363579393"""
837027046652055562,"""837027046652055562"""
531668391,"""531668391"""
786701463410073601,"""786701463410073601"""
880107184134262784,"""880107184134262784"""
405798082,"""405798082"""
637322992,"""637322992"""
224335400,"""224335400"""
885298739421818880,"""885298739421818880"""
3031838684,"""3031838684"""
3297022953,"""3297022953"""
4899628432,"""4899628432"""
202776130,"""202776130"""
827507772778385409,"""827507772778385409"""
3167660991,"""3167660991"""
949260598273028096,"""949260598273028096"""
50434933,"""50434933"""
1558857194,"""1558857194"""
21703120,"""21703120"""
830308785591873537,"""830308785591873537"""
4373407168,"""4373407168"""
14429823,"""14429823"""
805970624774479872,"""805970624774479872"""
1393047848,"""1393047848"""
323493137,"""323493137"""
597992785,"""597992785"""
875189851565502468,"""875189851565502468"""
998219169488392192,"""998219169488392192"""
717360080232906752,"""717360080232906752"""
2417844248,"""2417844248"""
465754852,"""465754852"""
741334155011575808,"""741334155011575808"""
27311385,"""27311385"""
374226275,"""374226275"""
393008318,"""393008318"""
199805985,"""199805985"""
764925179956912128,"""764925179956912128"""
3271290787,"""3271290787"""
967403522751959040,"""967403522751959040"""
3475563322,"""3475563322"""
247684341,"""247684341"""
1301920015,"""1301920015"""
367538865,"""367538865"""
455425961,"""455425961"""
710088641243123712,"""710088641243123712"""
853654222323073024,"""853654222323073024"""
994667257191022592,"""994667257191022592"""
993191357442387970,"""993191357442387970"""
25315171,"""25315171"""
2550243366,"""2550243366"""
3126563358,"""3126563358"""
774680399767228417,"""774680399767228417"""
1564394012,"""1564394012"""
790248865240788992,"""790248865240788992"""
2323913196,"""2323913196"""
210643324,"""210643324"""
82391199,"""82391199"""
4860451825,"""4860451825"""
823238304183283712,"""823238304183283712"""
2875559157,"""2875559157"""
887014646703509504,"""887014646703509504"""
408023195,"""408023195"""
865023517200228352,"""865023517200228352"""
435039815,"""435039815"""
740928906,"""740928906"""
937453428745256961,"""937453428745256961"""
368769539,"""368769539"""
994185402364977152,"""994185402364977152"""
994263197547933696,"""994263197547933696"""
994047160315363328,"""994047160315363328"""
2785680441,"""2785680441"""
2981674642,"""2981674642"""
747112158056546305,"""747112158056546305"""
2811558498,"""2811558498"""
708471306702823424,"""708471306702823424"""
757191217943838721,"""757191217943838721"""
233933230,"""233933230"""
986403673180921857,"""986403673180921857"""
441251850,"""441251850"""
57066215,"""57066215"""
832114407262060544,"""832114407262060544"""
975059531037396992,"""975059531037396992"""
979991335196397568,"""979991335196397568"""
991703765773373444,"""991703765773373444"""
869584484416446464,"""869584484416446464"""
849991615620014080,"""849991615620014080"""
1606029594,"""1606029594"""
893280626240925697,"""893280626240925697"""
991761651601985536,"""991761651601985536"""
899115298997055491,"""899115298997055491"""
917952475050795013,"""917952475050795013"""
828754744495702017,"""828754744495702017"""
958064770019741696,"""958064770019741696"""
785836889974644737,"""785836889974644737"""
839099917121511425,"""839099917121511425"""
2449913803,"""2449913803"""
20277421,"""20277421"""
65929222,"""65929222"""
4842646876,"""4842646876"""
948350554249547776,"""948350554249547776"""
797912624310546432,"""797912624310546432"""
2931586062,"""2931586062"""
5405752,"""5405752"""
540144290,"""540144290"""
946758979597881344,"""946758979597881344"""
782620709977661440,"""782620709977661440"""
891939067,"""891939067"""
531490780,"""531490780"""
54636187,"""54636187"""
955672165566697472,"""955672165566697472"""
2966389343,"""2966389343"""
1024640257,"""1024640257"""
903313767596822528,"""903313767596822528"""
625525523,"""625525523"""
850228999,"""850228999"""
536947248,"""536947248"""
942868836,"""942868836"""
990090776410406913,"""990090776410406913"""
856288002435420160,"""856288002435420160"""
222186782,"""222186782"""
806347865073315844,"""806347865073315844"""
707190520183988227,"""707190520183988227"""
16650236,"""16650236"""
983916348047806464,"""983916348047806464"""
265757338,"""265757338"""
989309293487968256,"""989309293487968256"""
561853655,"""561853655"""
2929308617,"""2929308617"""
946364109951401984,"""946364109951401984"""
986172180865212416,"""986172180865212416"""
980993939183345664,"""980993939183345664"""
625192286,"""625192286"""
980999039104659458,"""980999039104659458"""
989671073288466434,"""989671073288466434"""
430758809,"""430758809"""
1877481529,"""1877481529"""
55093605,"""55093605"""
817160343675867137,"""817160343675867137"""
2937701728,"""2937701728"""
796802806686609409,"""796802806686609409"""
149433931,"""149433931"""
29384303,"""29384303"""
3348814697,"""3348814697"""
838061450329456644,"""838061450329456644"""
855302281494904833,"""855302281494904833"""
15170286,"""15170286"""
25310297,"""25310297"""
809124435231969280,"""809124435231969280"""
28391425,"""28391425"""
824289637254529024,"""824289637254529024"""
872428365160042496,"""872428365160042496"""
3108163353,"""3108163353"""
614498529,"""614498529"""
988414380617424896,"""988414380617424896"""
98583506,"""98583506"""
1140593125,"""1140593125"""
282224096,"""282224096"""
704141096159309826,"""704141096159309826"""
796769058028826624,"""796769058028826624"""
404463989,"""404463989"""
2907551575,"""2907551575"""
825608011,"""825608011"""
178338427,"""178338427"""
946901569919840256,"""946901569919840256"""
711768753344675841,"""711768753344675841"""
2289423523,"""2289423523"""
1855042033,"""1855042033"""
733628143664136192,"""733628143664136192"""
35595347,"""35595347"""
14828860,"""14828860"""
3045017425,"""3045017425"""
3241733917,"""3241733917"""
1131913969,"""1131913969"""
63887454,"""63887454"""
882005278362939392,"""882005278362939392"""
975904186989731841,"""975904186989731841"""
26876136,"""26876136"""
346333096,"""346333096"""
17848133,"""17848133"""
4517951,"""4517951"""
901044932244385792,"""901044932244385792"""
4297338075,"""4297338075"""
972181699755945985,"""972181699755945985"""
958339657544142849,"""958339657544142849"""
1030174418,"""1030174418"""
3421233099,"""3421233099"""
964233661456551937,"""964233661456551937"""
926474649294245890,"""926474649294245890"""
3024501973,"""3024501973"""
890319316327047168,"""890319316327047168"""
479144347,"""479144347"""
16207074,"""16207074"""
933698892927029253,"""933698892927029253"""
65916376,"""65916376"""
17836889,"""17836889"""
925909368499032069,"""925909368499032069"""
844547748464656384,"""844547748464656384"""
1570776769,"""1570776769"""
3040204889,"""3040204889"""
317916069,"""317916069"""
935287660146561030,"""935287660146561030"""
252709288,"""252709288"""
255572138,"""255572138"""
2242153767,"""2242153767"""
111955898,"""111955898"""
16362927,"""16362927"""
714445385809399809,"""714445385809399809"""
757610595805978624,"""757610595805978624"""
94607882,"""94607882"""
379690254,"""379690254"""
22037129,"""22037129"""
716004987818622976,"""716004987818622976"""
818363408802164737,"""818363408802164737"""
314491319,"""314491319"""
1059281011,"""1059281011"""
752566971804160000,"""752566971804160000"""
304140582,"""304140582"""
875850326691151878,"""875850326691151878"""
315142269,"""315142269"""
30604083,"""30604083"""
489087014,"""489087014"""
3035315280,"""3035315280"""
108985609,"""108985609"""
904789082,"""904789082"""
908644780980293632,"""908644780980293632"""
922249704867479553,"""922249704867479553"""
832763991487164416,"""832763991487164416"""
822424521579892737,"""822424521579892737"""
3798168459,"""3798168459"""
897452662223904768,"""897452662223904768"""
815933232537550848,"""815933232537550848"""
4552716375,"""4552716375"""
908722249561247744,"""908722249561247744"""
875575623665598464,"""875575623665598464"""
41363507,"""41363507"""
3855275896,"""3855275896"""
902057635205218304,"""902057635205218304"""
4496497823,"""4496497823"""
21239717,"""21239717"""
1118025116,"""1118025116"""
1549766486,"""1549766486"""
3296504462,"""3296504462"""
22339165,"""22339165"""
3481965513,"""3481965513"""
3580248555,"""3580248555"""
808652231956307968,"""808652231956307968"""
29425243,"""29425243"""
610406507,"""610406507"""
738846585224724480,"""738846585224724480"""
822901284655210497,"""822901284655210497"""
49311062,"""49311062"""
875801995,"""875801995"""
29188590,"""29188590"""
870792973759512576,"""870792973759512576"""
4563974475,"""4563974475"""
837801208144408578,"""837801208144408578"""
564714598,"""564714598"""
4884639118,"""4884639118"""
901984698615902209,"""901984698615902209"""
82914922,"""82914922"""
897500676615491584,"""897500676615491584"""
1692682003,"""1692682003"""
2530039118,"""2530039118"""
314331534,"""314331534"""
51207002,"""51207002"""
1955132936,"""1955132936"""
742770881819119616,"""742770881819119616"""
84214727,"""84214727"""
508862647,"""508862647"""
714258308148932608,"""714258308148932608"""
406483952,"""406483952"""
890180563285553152,"""890180563285553152"""
185635130,"""185635130"""
3911057572,"""3911057572"""
2955091368,"""2955091368"""
4197484935,"""4197484935"""
750377949065535488,"""750377949065535488"""
805186395023245312,"""805186395023245312"""
838637478269628416,"""838637478269628416"""
122517949,"""122517949"""
4911114712,"""4911114712"""
252428462,"""252428462"""
470489295,"""470489295"""
3347575139,"""3347575139"""
705648211591954433,"""705648211591954433"""
828657539193663488,"""828657539193663488"""
895358063988920320,"""895358063988920320"""
865211622322778114,"""865211622322778114"""
862966097921945602,"""862966097921945602"""
2725109187,"""2725109187"""
880818095786524673,"""880818095786524673"""
760022019249496064,"""760022019249496064"""
897973103220760576,"""897973103220760576"""
224183827,"""224183827"""
783404381337157632,"""783404381337157632"""
1601287825,"""1601287825"""
895382810038599680,"""895382810038599680"""
21651982,"""21651982"""
711936472186757121,"""711936472186757121"""
88168692,"""88168692"""
24935003,"""24935003"""
562372370,"""562372370"""
365471526,"""365471526"""
854522639775391744,"""854522639775391744"""
836043476491988994,"""836043476491988994"""
818501118581964800,"""818501118581964800"""
3348851746,"""3348851746"""
14986598,"""14986598"""
34428229,"""34428229"""
706068592580804610,"""706068592580804610"""
2857528092,"""2857528092"""
798292005038292992,"""798292005038292992"""
888128117465690116,"""888128117465690116"""
871482314919886848,"""871482314919886848"""
755784840,"""755784840"""
1704676728,"""1704676728"""
773884914542444544,"""773884914542444544"""
865455078001393665,"""865455078001393665"""
753774780759826433,"""753774780759826433"""
848592289672966147,"""848592289672966147"""
2800275421,"""2800275421"""
717609056039514112,"""717609056039514112"""
881925298463420417,"""881925298463420417"""
763935668284239872,"""763935668284239872"""
2972355995,"""2972355995"""
50553047,"""50553047"""
933693476,"""933693476"""
134281521,"""134281521"""
637095652,"""637095652"""
794175985197334528,"""794175985197334528"""
30943238,"""30943238"""
719874108360695808,"""719874108360695808"""
1674315427,"""1674315427"""
274147809,"""274147809"""
264561595,"""264561595"""
48986203,"""48986203"""
46980703,"""46980703"""
1668756914,"""1668756914"""
22936237,"""22936237"""
783207625324318720,"""783207625324318720"""
713803171118899202,"""713803171118899202"""
871781821880696832,"""871781821880696832"""
796435297,"""796435297"""
827344178799579136,"""827344178799579136"""
155718531,"""155718531"""
4430452877,"""4430452877"""
285565876,"""285565876"""
3247169083,"""3247169083"""
91121937,"""91121937"""
50317625,"""50317625"""
877699334,"""877699334"""
16180559,"""16180559"""
351976618,"""351976618"""
140233495,"""140233495"""
821863733664350208,"""821863733664350208"""
702524531412488193,"""702524531412488193"""
868194488786747393,"""868194488786747393"""
868639918398087168,"""868639918398087168"""
42459455,"""42459455"""
700436266001629184,"""700436266001629184"""
868978785957400576,"""868978785957400576"""
820961530615316480,"""820961530615316480"""
864284548540116992,"""864284548540116992"""
36714332,"""36714332"""
522566870,"""522566870"""
4761064634,"""4761064634"""
843693023330365441,"""843693023330365441"""
601364131,"""601364131"""
2422680493,"""2422680493"""
2577538952,"""2577538952"""
77180390,"""77180390"""
845150598131412994,"""845150598131412994"""
828383165836312576,"""828383165836312576"""
2658208196,"""2658208196"""
291941733,"""291941733"""
1209119234,"""1209119234"""
717389036076269568,"""717389036076269568"""
816014304667439105,"""816014304667439105"""
1557121201,"""1557121201"""
407490941,"""407490941"""
21622754,"""21622754"""
708838526121484288,"""708838526121484288"""
95687734,"""95687734"""
907884296,"""907884296"""
861190500593922049,"""861190500593922049"""
855229876915384320,"""855229876915384320"""
799099236688084992,"""799099236688084992"""
858871777103155200,"""858871777103155200"""
857405444205101057,"""857405444205101057"""
816664921538760704,"""816664921538760704"""
798799255204806656,"""798799255204806656"""
854203352334430208,"""854203352334430208"""
777936680451969024,"""777936680451969024"""
854582999827980290,"""854582999827980290"""
782078084925181952,"""782078084925181952"""
45360908,"""45360908"""
950300797,"""950300797"""
765570370803998720,"""765570370803998720"""
2295098198,"""2295098198"""
1146358172,"""1146358172"""
709556297025392640,"""709556297025392640"""
3291902538,"""3291902538"""
830594756279488512,"""830594756279488512"""
54769979,"""54769979"""
322879013,"""322879013"""
707707553594122241,"""707707553594122241"""
843667076917219329,"""843667076917219329"""
843204477779824640,"""843204477779824640"""
242721526,"""242721526"""
2316334632,"""2316334632"""
33410754,"""33410754"""
844169668499771392,"""844169668499771392"""
727619450011160576,"""727619450011160576"""
768516641344876544,"""768516641344876544"""
3262737374,"""3262737374"""
2972362774,"""2972362774"""
150518148,"""150518148"""
751419642304802817,"""751419642304802817"""
838497231401549824,"""838497231401549824"""
822886269814501379,"""822886269814501379"""
975217231,"""975217231"""
808668738543382529,"""808668738543382529"""
739401257773846528,"""739401257773846528"""
833849245266505728,"""833849245266505728"""
741338278163582976,"""741338278163582976"""
741328896889589760,"""741328896889589760"""
837715738760720384,"""837715738760720384"""
835515390625263617,"""835515390625263617"""
737177896930811905,"""737177896930811905"""
835664139049660416,"""835664139049660416"""
823685820355936256,"""823685820355936256"""
741083469095178241,"""741083469095178241"""
716699304170242048,"""716699304170242048"""
21588316,"""21588316"""
703561088,"""703561088"""
23438548,"""23438548"""
4778087420,"""4778087420"""
832591778008199168,"""832591778008199168"""
798923580805259264,"""798923580805259264"""
2377368404,"""2377368404"""
830884538112806912,"""830884538112806912"""
20695144,"""20695144"""
819361659391250436,"""819361659391250436"""
816876964460036096,"""816876964460036096"""
70156027,"""70156027"""
825864798000738304,"""825864798000738304"""
884304968,"""884304968"""
1618641848,"""1618641848"""
33611715,"""33611715"""
827896856688500736,"""827896856688500736"""
796776554915385344,"""796776554915385344"""
827668861965127680,"""827668861965127680"""
573616396,"""573616396"""
826142507260059649,"""826142507260059649"""
